Hauptabteilung;Bezeichnung;Datum;Wochentag;Umsatz VK;Umsatz EK;Rohertrag Ausgang;Spanne Ausgang;Umsatz VK (%);Anzahl Kunden;Umsatz pro Kunde;Minimum Temperatur;Maximum Temperatur;Mittel Temperatur;Niederschlag
13;Bier/Wasser;15.03.2023;Mittwoch;1103,6;753,2;175,34;18,88;0,6;265;4,16;0,3;8,9;4;0
13;Bier/Wasser;16.03.2023;Donnerstag;1306,41;921,84;177,3;16,13;0,71;253;5,16;1,9;9,5;5,8;0,2
13;Bier/Wasser;17.03.2023;Freitag;1598,84;1068,25;276,79;20,58;0,87;346;4,62;6;17;11,3;0
13;Bier/Wasser;18.03.2023;Samstag;2006,5;1289,97;400,02;23,67;1,09;368;5,45;9,3;17,5;12,4;0,1
13;Bier/Wasser;20.03.2023;Montag;836,39;480,79;222,9;31,68;0,45;225;3,72;7,4;10,4;8,5;0,1
13;Bier/Wasser;21.03.2023;Dienstag;736,41;432,1;189,49;30,48;0,4;199;3,7;8,7;12,7;10,2;2,5
13;Bier/Wasser;22.03.2023;Mittwoch;826,08;500,49;194,31;27,97;0,45;233;3,55;9,2;12,6;10,8;4,2
13;Bier/Wasser;23.03.2023;Donnerstag;886,43;498,81;246,96;33,12;0,48;233;3,8;7,6;14,6;11,7;20,2
13;Bier/Wasser;24.03.2023;Freitag;2071,85;1399,8;342,22;19,65;1,12;321;6,45;8,5;14,8;11,1;2
13;Bier/Wasser;25.03.2023;Samstag;1821,84;1205,78;326,96;21,33;0,99;341;5,34;6,8;10,9;8,7;15,5
13;Bier/Wasser;27.03.2023;Montag;1176,16;813,97;176,32;17,8;0,64;220;5,35;0,4;8,4;3,6;0,7
13;Bier/Wasser;28.03.2023;Dienstag;1206,28;839,02;175,15;17,27;0,65;225;5,36;0,1;8,6;4,8;0
13;Bier/Wasser;29.03.2023;Mittwoch;1796,67;1278,11;232,16;15,37;0,97;240;7,49;4,7;11,9;8,5;0,4
13;Bier/Wasser;30.03.2023;Donnerstag;2056,98;1440,26;288,63;16,69;1,11;305;6,74;10,9;15,5;13,1;3,2
13;Bier/Wasser;31.03.2023;Freitag;1740,26;1157,03;306,92;20,97;0,94;340;5,12;9,4;13,3;10,7;11,8
13;Bier/Wasser;01.04.2023;Samstag;1892,28;1248,41;343,93;21,6;1,02;347;5,45;4,3;11,4;8,8;11
13;Bier/Wasser;03.04.2023;Montag;1580,76;1059,96;270,17;20,31;0,86;304;5,2;-1,2;8,6;3,4;0
13;Bier/Wasser;04.04.2023;Dienstag;1440,01;991,38;222,07;18,3;0,78;284;5,07;-3,8;8,5;2,8;0
13;Bier/Wasser;05.04.2023;Mittwoch;1657,97;1098,4;297,39;21,31;0,9;315;5,26;-3,2;10;4,2;0
13;Bier/Wasser;06.04.2023;Donnerstag;2671,31;1779,94;467,08;20,79;1,45;464;5,76;1,1;12,7;6,9;5,9
13;Bier/Wasser;08.04.2023;Samstag;2921,51;1891,05;567,22;23,07;1,58;484;6,04;1,5;9,5;6,6;0
13;Bier/Wasser;11.04.2023;Dienstag;912,81;545,43;221,64;28,89;0,49;238;3,84;3,7;12,6;8,8;0,4
13;Bier/Wasser;12.04.2023;Mittwoch;1060,39;633,87;260,12;29,1;0,57;228;4,65;4,1;12,5;7,8;14,3
13;Bier/Wasser;13.04.2023;Donnerstag;1049,75;635,28;249,49;28,2;0,57;242;4,34;2,1;12,4;7,8;1,2
13;Bier/Wasser;14.04.2023;Freitag;1452,94;874,58;350,04;28,58;0,79;344;4,22;1,7;14,9;8,9;0
13;Bier/Wasser;15.04.2023;Samstag;1986,66;1161,51;513,55;30,66;1,08;382;5,2;1,7;9,1;6,6;2
13;Bier/Wasser;17.04.2023;Montag;1267,2;781,16;284,84;26,72;0,69;307;4,13;5,6;16;10,3;0,3
13;Bier/Wasser;18.04.2023;Dienstag;1144,05;683,76;280,35;29,08;0,62;268;4,27;5,3;14,1;9,1;0
13;Bier/Wasser;19.04.2023;Mittwoch;1150,75;707,97;260,22;26,88;0,62;285;4,04;3,9;14,6;9,4;0
13;Bier/Wasser;20.04.2023;Donnerstag;1327,29;854,09;263,73;23,59;0,72;298;4,45;5,4;12,8;8,6;0,1
13;Bier/Wasser;21.04.2023;Freitag;1570,85;964,74;356,55;26,99;0,85;315;4,99;8,4;20,6;14,3;1,1
13;Bier/Wasser;22.04.2023;Samstag;2314,42;1422,35;527,46;27,05;1,25;439;5,27;7,1;22,5;14;4,1
13;Bier/Wasser;24.04.2023;Montag;1129,21;743,94;206,44;21,72;0,61;292;3,87;6,9;10,4;8,8;15,3
13;Bier/Wasser;25.04.2023;Dienstag;965,91;608,58;204,4;25,14;0,52;250;3,86;2,9;9,4;6,5;1,9
13;Bier/Wasser;26.04.2023;Mittwoch;1419,06;942,29;253,83;21,22;0,77;333;4,26;1,1;9,3;5,6;0
13;Bier/Wasser;27.04.2023;Donnerstag;1631,61;1026,32;346;25,21;0,88;358;4,56;-0,3;12,6;6,8;0
13;Bier/Wasser;28.04.2023;Freitag;2309,95;1440,16;502,88;25,88;1,25;443;5,21;5,9;14,9;10,4;1,4
13;Bier/Wasser;29.04.2023;Samstag;2767,92;1773,64;557;23,9;1,5;509;5,44;5,5;15,9;11;0
13;Bier/Wasser;02.05.2023;Dienstag;1351,35;824,75;311,47;27,41;0,73;310;4,36;2;11;8,4;0
13;Bier/Wasser;03.05.2023;Mittwoch;1176,24;742,41;248,08;25,05;0,64;289;4,07;0;14,3;7,9;0
13;Bier/Wasser;04.05.2023;Donnerstag;1342,95;852,25;277,24;24,55;0,73;295;4,55;3,9;20,2;12,5;2,8
13;Bier/Wasser;05.05.2023;Freitag;1574,65;979,12;346,56;26,14;0,85;362;4,35;8,7;20,3;13,6;3,5
13;Bier/Wasser;06.05.2023;Samstag;2412,15;1549,74;479,66;23,64;1,31;421;5,73;6,9;18,7;13,1;1,9
13;Bier/Wasser;08.05.2023;Montag;1087,41;658,98;258,71;28,19;0,59;290;3,75;8,8;21,5;15,5;0,2
13;Bier/Wasser;09.05.2023;Dienstag;1085,47;650,19;265,11;28,96;0,59;260;4,17;13,3;20,5;15,7;32,4
13;Bier/Wasser;10.05.2023;Mittwoch;1181,21;729,95;264,92;26,63;0,64;279;4,23;11,6;16,8;13,8;0,8
13;Bier/Wasser;11.05.2023;Donnerstag;1370,17;850,01;304,09;26,35;0,74;311;4,41;11,8;15,7;13,3;1,4
13;Bier/Wasser;12.05.2023;Freitag;1492,84;937,61;317,92;25,32;0,81;367;4,07;10,6;21,7;15,7;0
13;Bier/Wasser;13.05.2023;Samstag;2244,91;1345,32;545,2;28,84;1,22;447;5,02;7,9;22,2;15,6;0
13;Bier/Wasser;15.05.2023;Montag;1044,52;685,01;192,88;21,97;0,57;253;4,13;9,1;20,1;12,8;0,6
13;Bier/Wasser;16.05.2023;Dienstag;1379,73;869,8;292,26;25,15;0,75;283;4,88;6,7;14,7;10,1;1,1
13;Bier/Wasser;17.05.2023;Mittwoch;2500,48;1624,13;481,04;22,85;1,35;458;5,46;3,3;13,3;9,1;0
13;Bier/Wasser;19.05.2023;Freitag;2117,69;1355,62;428,37;24,01;1,15;398;5,32;4,8;19,2;12,6;0
13;Bier/Wasser;20.05.2023;Samstag;1692,24;1106,08;320,92;22,49;0,92;341;4,96;9;18,9;14,5;0
13;Bier/Wasser;22.05.2023;Montag;1065,55;795,24;102,58;11,43;0,58;270;3,95;14,1;24,7;19,6;1,7
13;Bier/Wasser;23.05.2023;Dienstag;894,95;600,79;151,34;20,12;0,48;230;3,89;7,2;15,4;12,2;0
13;Bier/Wasser;24.05.2023;Mittwoch;1231,65;802,19;235,39;22,69;0,67;261;4,72;6,7;15,7;11,2;0
13;Bier/Wasser;25.05.2023;Donnerstag;1367,28;908,3;242,86;21,1;0,74;287;4,76;5,8;17,8;12;0
13;Bier/Wasser;26.05.2023;Freitag;1936,74;1268,97;361,54;22,17;1,05;388;4,99;5,2;17,6;11,1;0
13;Bier/Wasser;27.05.2023;Samstag;2763,26;1771,27;555,6;23,88;1,5;493;5,6;4;21,4;13,4;0
13;Bier/Wasser;30.05.2023;Dienstag;1075,02;644,14;260,01;28,76;0,58;285;3,77;8,8;16;12,3;0
13;Bier/Wasser;31.05.2023;Mittwoch;1091,57;637,86;281,25;30,6;0,59;277;3,94;8,3;23,9;15,7;0
13;Bier/Wasser;01.06.2023;Donnerstag;1053,73;650,1;237,45;26,75;0,57;255;4,13;10,1;15,4;11,8;0
13;Bier/Wasser;02.06.2023;Freitag;1537,38;956,01;338,28;26,14;0,83;354;4,34;9,8;20,6;14,2;0
13;Bier/Wasser;03.06.2023;Samstag;1997,68;1204,08;478,95;28,46;1,08;419;4,77;6,1;21,1;14,8;0
13;Bier/Wasser;05.06.2023;Montag;1019,54;639,81;218,63;25,47;0,55;274;3,72;7,5;24;15,7;0
13;Bier/Wasser;06.06.2023;Dienstag;986,2;625,48;205,8;24,76;0,53;261;3,78;8,6;25,3;16,6;0
13;Bier/Wasser;07.06.2023;Mittwoch;1221,25;803,29;224,57;21,85;0,66;255;4,79;10,2;25,2;16,7;0
13;Bier/Wasser;08.06.2023;Donnerstag;1412,86;869,82;320,74;26,94;0,77;286;4,94;9,7;26,7;17,2;0
13;Bier/Wasser;09.06.2023;Freitag;1945,66;1252,47;383,51;23,44;1,05;426;4,57;11,2;29,2;21,2;0
13;Bier/Wasser;10.06.2023;Samstag;2260,97;1429,29;475,11;24,95;1,22;459;4,93;13,6;29;21,5;0
13;Bier/Wasser;12.06.2023;Montag;1305,83;821,29;278,18;25,3;0,71;330;3,96;12,3;29,2;21,7;0
13;Bier/Wasser;13.06.2023;Dienstag;1101,75;688,55;238,15;25,7;0,6;243;4,53;11,1;28,2;20,4;0
